0 30 21
30 31 102
31 32 103
32 11 89
30 102 21
31 103 102
32 89 103
21 102 22
102 103 104
103 89 88
102 104 22
103 88 104
22 104 23
104 88 87
104 87 23
23 87 5
0 21 54
21 22 105
22 23 106
23 5 71
21 105 54
22 106 105
23 71 106
54 105 55
105 106 107
106 71 70
105 107 55
106 70 107
55 107 56
107 70 69
107 69 56
56 69 1
0 54 57
54 55 108
55 56 109
56 1 93
54 108 57
55 109 108
56 93 109
57 108 58
108 109 110
109 93 94
108 110 58
109 94 110
58 110 59
110 94 95
110 95 59
59 95 7
0 57 66
57 58 111
58 59 112
59 7 33
57 111 66
58 112 111
59 33 112
66 111 67
111 112 113
112 33 34
111 113 67
112 34 113
67 113 68
113 34 35
113 35 68
68 35 10
0 66 30
66 67 114
67 68 115
68 10 63
66 114 30
67 115 114
68 63 115
30 114 31
114 115 116
115 63 64
114 116 31
115 64 116
31 116 32
116 64 65
116 65 32
32 65 11
1 69 27
69 70 117
70 71 118
71 5 48
69 117 27
70 118 117
71 48 118
27 117 28
117 118 119
118 48 49
117 119 28
118 49 119
28 119 29
119 49 50
119 50 29
29 50 9
5 87 41
87 88 120
88 89 121
89 11 53
87 120 41
88 121 120
89 53 121
41 120 40
120 121 122
121 53 52
120 122 40
121 52 122
40 122 39
122 52 51
122 51 39
39 51 4
11 65 26
65 64 123
64 63 124
63 10 74
65 123 26
64 124 123
63 74 124
26 123 25
123 124 125
124 74 73
123 125 25
124 73 125
25 125 24
125 73 72
125 72 24
24 72 2
10 35 83
35 34 126
34 33 127
33 7 80
35 126 83
34 127 126
33 80 127
83 126 82
126 127 128
127 80 79
126 128 82
127 79 128
82 128 81
128 79 78
128 78 81
81 78 6
7 95 99
95 94 129
94 93 130
93 1 75
95 129 99
94 130 129
93 75 130
99 129 100
129 130 131
130 75 76
129 131 100
130 76 131
100 131 101
131 76 77
131 77 101
101 77 8
3 42 12
42 43 132
43 44 133
44 9 17
42 132 12
43 133 132
44 17 133
12 132 13
132 133 134
133 17 16
132 134 13
133 16 134
13 134 14
134 16 15
134 15 14
14 15 4
3 12 92
12 13 135
13 14 136
14 4 62
12 135 92
13 136 135
14 62 136
92 135 91
135 136 137
136 62 61
135 137 91
136 61 137
91 137 90
137 61 60
137 60 90
90 60 2
3 92 45
92 91 138
91 90 139
90 2 96
92 138 45
91 139 138
90 96 139
45 138 46
138 139 140
139 96 97
138 140 46
139 97 140
46 140 47
140 97 98
140 98 47
47 98 6
3 45 84
45 46 141
46 47 142
47 6 36
45 141 84
46 142 141
47 36 142
84 141 85
141 142 143
142 36 37
141 143 85
142 37 143
85 143 86
143 37 38
143 38 86
86 38 8
3 84 42
84 85 144
85 86 145
86 8 18
84 144 42
85 145 144
86 18 145
42 144 43
144 145 146
145 18 19
144 146 43
145 19 146
43 146 44
146 19 20
146 20 44
44 20 9
4 15 39
15 16 147
16 17 148
17 9 50
15 147 39
16 148 147
17 50 148
39 147 40
147 148 149
148 50 49
147 149 40
148 49 149
40 149 41
149 49 48
149 48 41
41 48 5
2 60 24
60 61 150
61 62 151
62 4 51
60 150 24
61 151 150
62 51 151
24 150 25
150 151 152
151 51 52
150 152 25
151 52 152
25 152 26
152 52 53
152 53 26
26 53 11
6 98 81
98 97 153
97 96 154
96 2 72
98 153 81
97 154 153
96 72 154
81 153 82
153 154 155
154 72 73
153 155 82
154 73 155
82 155 83
155 73 74
155 74 83
83 74 10
8 38 101
38 37 156
37 36 157
36 6 78
38 156 101
37 157 156
36 78 157
101 156 100
156 157 158
157 78 79
156 158 100
157 79 158
100 158 99
158 79 80
158 80 99
99 80 7
9 20 29
20 19 159
19 18 160
18 8 77
20 159 29
19 160 159
18 77 160
29 159 28
159 160 161
160 77 76
159 161 28
160 76 161
28 161 27
161 76 75
161 75 27
27 75 1
