-0.5257311121191336 0.85065080835204 0
0.5257311121191336 0.85065080835204 0
-0.5257311121191336 -0.85065080835204 0
0.5257311121191336 -0.85065080835204 0
0 -0.5257311121191336 0.85065080835204
0 0.5257311121191336 0.85065080835204
0 -0.5257311121191336 -0.85065080835204
0 0.5257311121191336 -0.85065080835204
0.85065080835204 0 -0.5257311121191336
0.85065080835204 0 0.5257311121191336
-0.85065080835204 0 -0.5257311121191336
-0.85065080835204 0 0.5257311121191336
0.4428627132664893 -0.8641878268373419 0.2388556408050596
0.3090169943749474 -0.8090169943749475 0.5
0.1476209044221631 -0.6817183540715489 0.7165669224151787
0.2388556408050596 -0.4428627132664893 0.8641878268373419
0.5 -0.3090169943749474 0.8090169943749475
0.7165669224151787 -0.1476209044221631 0.6817183540715489
0.9554225632202383 0 -0.2952418088443262
1 0 0
0.9554225632202383 0 0.2952418088443262
-0.4428627132664893 0.8641878268373419 0.2388556408050596
-0.3090169943749474 0.8090169943749475 0.5
-0.1476209044221631 0.6817183540715489 0.7165669224151787
-0.6817183540715489 -0.7165669224151787 0.1476209044221631
-0.8090169943749475 -0.5 0.3090169943749474
-0.8641878268373419 -0.2388556408050596 0.4428627132664893
0.6817183540715489 0.7165669224151787 0.1476209044221631
0.8090169943749475 0.5 0.3090169943749474
0.8641878268373419 0.2388556408050596 0.4428627132664893
-0.6817183540715489 0.7165669224151787 0.1476209044221631
-0.8090169943749475 0.5 0.3090169943749474
-0.8641878268373419 0.2388556408050596 0.4428627132664893
-0.2388556408050596 0.4428627132664893 -0.8641878268373419
-0.5 0.3090169943749474 -0.8090169943749475
-0.7165669224151787 0.1476209044221631 -0.6817183540715489
0.2388556408050596 -0.4428627132664893 -0.8641878268373419
0.5 -0.3090169943749474 -0.8090169943749475
0.7165669224151787 -0.1476209044221631 -0.6817183540715489
0 -0.2952418088443262 0.9554225632202383
0 0 1
0 0.2952418088443262 0.9554225632202383
0.6817183540715489 -0.7165669224151787 0.1476209044221631
0.8090169943749475 -0.5 0.3090169943749474
0.8641878268373419 -0.2388556408050596 0.4428627132664893
0.4428627132664893 -0.8641878268373419 -0.2388556408050596
0.3090169943749474 -0.8090169943749475 -0.5
0.1476209044221631 -0.6817183540715489 -0.7165669224151787
0.2388556408050596 0.4428627132664893 0.8641878268373419
0.5 0.3090169943749474 0.8090169943749475
0.7165669224151787 0.1476209044221631 0.6817183540715489
-0.2388556408050596 -0.4428627132664893 0.8641878268373419
-0.5 -0.3090169943749474 0.8090169943749475
-0.7165669224151787 -0.1476209044221631 0.6817183540715489
-0.2952418088443262 0.9554225632202383 0
0 1 0
0.2952418088443262 0.9554225632202383 0
-0.4428627132664893 0.8641878268373419 -0.2388556408050596
-0.3090169943749474 0.8090169943749475 -0.5
-0.1476209044221631 0.6817183540715489 -0.7165669224151787
-0.4428627132664893 -0.8641878268373419 0.2388556408050596
-0.3090169943749474 -0.8090169943749475 0.5
-0.1476209044221631 -0.6817183540715489 0.7165669224151787
-0.9554225632202383 0 -0.2952418088443262
-1 0 0
-0.9554225632202383 0 0.2952418088443262
-0.6817183540715489 0.7165669224151787 -0.1476209044221631
-0.8090169943749475 0.5 -0.3090169943749474
-0.8641878268373419 0.2388556408050596 -0.4428627132664893
0.4428627132664893 0.8641878268373419 0.2388556408050596
0.3090169943749474 0.8090169943749475 0.5
0.1476209044221631 0.6817183540715489 0.7165669224151787
-0.6817183540715489 -0.7165669224151787 -0.1476209044221631
-0.8090169943749475 -0.5 -0.3090169943749474
-0.8641878268373419 -0.2388556408050596 -0.4428627132664893
0.6817183540715489 0.7165669224151787 -0.1476209044221631
0.8090169943749475 0.5 -0.3090169943749474
0.8641878268373419 0.2388556408050596 -0.4428627132664893
0 -0.2952418088443262 -0.9554225632202383
0 0 -1
0 0.2952418088443262 -0.9554225632202383
-0.2388556408050596 -0.4428627132664893 -0.8641878268373419
-0.5 -0.3090169943749474 -0.8090169943749475
-0.7165669224151787 -0.1476209044221631 -0.6817183540715489
0.6817183540715489 -0.7165669224151787 -0.1476209044221631
0.8090169943749475 -0.5 -0.3090169943749474
0.8641878268373419 -0.2388556408050596 -0.4428627132664893
-0.2388556408050596 0.4428627132664893 0.8641878268373419
-0.5 0.3090169943749474 0.8090169943749475
-0.7165669224151787 0.1476209044221631 0.6817183540715489
-0.2952418088443262 -0.9554225632202383 0
0 -1 0
0.2952418088443262 -0.9554225632202383 0
0.4428627132664893 0.8641878268373419 -0.2388556408050596
0.3090169943749474 0.8090169943749475 -0.5
0.1476209044221631 0.6817183540715489 -0.7165669224151787
-0.4428627132664893 -0.8641878268373419 -0.2388556408050596
-0.3090169943749474 -0.8090169943749475 -0.5
-0.1476209044221631 -0.6817183540715489 -0.7165669224151787
0.2388556408050596 0.4428627132664893 -0.8641878268373419
0.5 0.3090169943749474 -0.8090169943749475
0.7165669224151787 0.1476209044221631 -0.6817183540715489
-0.5877852522924731 0.6881909602355868 0.4253254041760199
-0.6881909602355868 0.4253254041760199 0.5877852522924731
-0.4253254041760199 0.5877852522924731 0.6881909602355868
-0.1624598481164531 0.9510565162951535 0.2628655560595668
0 0.8506508083520399 0.5257311121191336
0.1624598481164531 0.9510565162951535 0.2628655560595668
-0.1624598481164531 0.9510565162951535 -0.2628655560595668
0.1624598481164531 0.9510565162951535 -0.2628655560595668
0 0.8506508083520399 -0.5257311121191336
-0.5877852522924731 0.6881909602355868 -0.4253254041760199
-0.4253254041760199 0.5877852522924731 -0.6881909602355868
-0.6881909602355868 0.4253254041760199 -0.5877852522924731
-0.8506508083520399 0.5257311121191336 0
-0.9510565162951535 0.2628655560595668 -0.1624598481164531
-0.9510565162951535 0.2628655560595668 0.1624598481164531
0.5877852522924731 0.6881909602355868 0.4253254041760199
0.4253254041760199 0.5877852522924731 0.6881909602355868
0.6881909602355868 0.4253254041760199 0.5877852522924731
-0.2628655560595668 0.1624598481164531 0.9510565162951535
-0.5257311121191336 0 0.8506508083520399
-0.2628655560595668 -0.1624598481164531 0.9510565162951535
-0.9510565162951535 -0.2628655560595668 0.1624598481164531
-0.9510565162951535 -0.2628655560595668 -0.1624598481164531
-0.8506508083520399 -0.5257311121191336 0
-0.5257311121191336 0 -0.8506508083520399
-0.2628655560595668 0.1624598481164531 -0.9510565162951535
-0.2628655560595668 -0.1624598481164531 -0.9510565162951535
0.4253254041760199 0.5877852522924731 -0.6881909602355868
0.5877852522924731 0.6881909602355868 -0.4253254041760199
0.6881909602355868 0.4253254041760199 -0.5877852522924731
0.5877852522924731 -0.6881909602355868 0.4253254041760199
0.6881909602355868 -0.4253254041760199 0.5877852522924731
0.4253254041760199 -0.5877852522924731 0.6881909602355868
0.1624598481164531 -0.9510565162951535 0.2628655560595668
0 -0.8506508083520399 0.5257311121191336
-0.1624598481164531 -0.9510565162951535 0.2628655560595668
0.1624598481164531 -0.9510565162951535 -0.2628655560595668
-0.1624598481164531 -0.9510565162951535 -0.2628655560595668
0 -0.8506508083520399 -0.5257311121191336
0.5877852522924731 -0.6881909602355868 -0.4253254041760199
0.4253254041760199 -0.5877852522924731 -0.6881909602355868
0.6881909602355868 -0.4253254041760199 -0.5877852522924731
0.8506508083520399 -0.5257311121191336 0
0.9510565162951535 -0.2628655560595668 -0.1624598481164531
0.9510565162951535 -0.2628655560595668 0.1624598481164531
0.2628655560595668 -0.1624598481164531 0.9510565162951535
0.5257311121191336 0 0.8506508083520399
0.2628655560595668 0.1624598481164531 0.9510565162951535
-0.5877852522924731 -0.6881909602355868 0.4253254041760199
-0.4253254041760199 -0.5877852522924731 0.6881909602355868
-0.6881909602355868 -0.4253254041760199 0.5877852522924731
-0.4253254041760199 -0.5877852522924731 -0.6881909602355868
-0.5877852522924731 -0.6881909602355868 -0.4253254041760199
-0.6881909602355868 -0.4253254041760199 -0.5877852522924731
0.5257311121191336 0 -0.8506508083520399
0.2628655560595668 -0.1624598481164531 -0.9510565162951535
0.2628655560595668 0.1624598481164531 -0.9510565162951535
0.9510565162951535 0.2628655560595668 0.1624598481164531
0.9510565162951535 0.2628655560595668 -0.1624598481164531
0.8506508083520399 0.5257311121191336 0
